kinematics:
  shoulder:
    x: 0
    y: 0
    z: 0.1521156164910375
    roll: -0
    pitch: 0
    yaw: -9.754018651723988e-07
  upper_arm:
    x: -3.039952663389766e-05
    y: 0
    z: 0
    roll: 1.570371972289784
    pitch: 0
    yaw: -3.527026177333098e-06
  forearm:
    x: -0.243794430523681
    y: 0
    z: 0
    roll: 0.002106823776525589
    pitch: 0.0003865164199680446
    yaw: -3.419301936057025e-05
  wrist_1:
    x: -0.2132345836102841
    y: -0.0001391887208677616
    z: 0.1123827374244856
    roll: 0.001238523396818149
    pitch: -0.0001881777809003985
    yaw: -2.841109695037395e-05
  wrist_2:
    x: -1.665771578806929e-05
    y: -0.08531240898341073
    z: -9.07203225195924e-05
    roll: 1.571859715924394
    pitch: 0
    yaw: 4.734186855434125e-05
  wrist_3:
    x: -1.748059077558534e-05
    y: 0.08232662115374367
    z: -1.875766752942222e-05
    roll: 1.570568482302532
    pitch: 3.141592653589793
    yaw: 3.141557705047735
  hash: calib_9300173578398781824